255 255 255 255 255 255 255 255 255 255 255 255 255 255 255 255
255 255 255 255 255 255 255 255 255 255 255 255 255 255 255 255
255 255 145 145 145 145 145 145 145 145 145 145 145 145 255 255
255 255 145 145 145 145 145 145 145 145 145 145 145 145 255 255
255 255 145 145 145 145 145 145 145 145 145 145 145 145 255 255
255 255 145 145 145 255 145 145 143 145 255 145 145 145 255 255
255 255 145 145 145 145 145 255 255 145 145 145 145 145 255 255
255 255 145 145 145 255 255 145 145 145 255 145 145 145 255 255
255 255 145 145 145 255 255 145 145 255 143 145 145 145 255 255
255 255 145 145 145 145 145 255 255 145 255 145 145 145 255 255
255 255 145 145 145 255 145 143 255 255 255 145 145 145 255 255
255 255 145 145 145 145 145 145 145 145 145 145 145 145 255 255
255 255 145 145 145 145 145 145 145 145 145 145 145 145 255 255
255 255 145 145 145 145 145 145 145 145 145 145 145 145 255 255
255 255 255 255 255 255 255 255 255 255 255 255 255 255 255 255
255 255 255 255 255 255 255 255 255 255 255 255 255 255 255 255
255 255 255 255 255 255 255 255 255 255 255 255 255 255 255 255
255 255 255 255 255 255 255 255 255 255 255 255 255 255 255 255
255 255  72  72  72  72  72  72  72  72  72  72  72  72 255 255
255 255  72  72  72  72  72  72  72  72  72  72  72  72 255 255
255 255  72  72  72  72  72  72  72  72  72  72  72  72 255 255
255 255  72  72  72 255  72  72  70  72 255  72  72  72 255 255
255 255  72  72  72  72  72 255 255  72  72  72  72  72 255 255
255 255  72  72  72 255 255  72  72  72 255  72  72  72 255 255
255 255  72  72  72 255 255  72  72 255  70  72  72  72 255 255
255 255  72  72  72  72  72 255 255  72 255  72  72  72 255 255
255 255  72  72  72 255  72  70 255 255 255  72  72  72 255 255
255 255  72  72  72  72  72  72  72  72  72  72  72  72 255 255
255 255  72  72  72  72  72  72  72  72  72  72  72  72 255 255
255 255  72  72  72  72  72  72  72  72  72  72  72  72 255 255
255 255 255 255 255 255 255 255 255 255 255 255 255 255 255 255
255 255 255 255 255 255 255 255 255 255 255 255 255 255 255 255
255 255 255 255 255 255 255 255 255 255 255 255 255 255 255 255
255 255 255 255 255 255 255 255 255 255 255 255 255 255 255 255
255 255   0   0   0   0   0   0   0   0   0   0   0   0 255 255
255 255   0   0   0   0   0   0   0   0   0   0   0   0 255 255
255 255   0   0   0   0   0   0   0   0   0   0   0   0 255 255
255 255   0   0   0 255   0   0   0   0 255   0   0   0 255 255
255 255   0   0   0   0   0 255 255   0   0   0   0   0 255 255
255 255   0   0   0 255 255   0   0   0 255   0   0   0 255 255
255 255   0   0   0 255 255   0   0 255   0   0   0   0 255 255
255 255   0   0   0   0   0 255 255   0 255   0   0   0 255 255
255 255   0   0   0 255   0   0 255 255 255   0   0   0 255 255
255 255   0   0   0   0   0   0   0   0   0   0   0   0 255 255
255 255   0   0   0   0   0   0   0   0   0   0   0   0 255 255
255 255   0   0   0   0   0   0   0   0   0   0   0   0 255 255
255 255 255 255 255 255 255 255 255 255 255 255 255 255 255 255
255 255 255 255 255 255 255 255 255 255 255 255 255 255 255 255

255 255 255 255 255 255 255 255 255 255 255 255 255 255 255 255
255 238 211 211 211 211 211 211 211 211 211 211 211 211 238 255
255 211 145 145 145 145 145 145 145 145 145 145 145 145 211 255
255 211 145 145 145 145 145 145 145 145 145 145 145 145 211 255
255 211 145 145 149 167 167 167 167 167 167 149 145 145 211 255
255 211 145 145 167 202 204 210 213 215 219 167 145 145 211 255
255 211 145 145 167 205 210 191 206 179 203 167 145 145 211 255
255 211 145 145 167 209 205 164 162 199 216 167 145 145 211 255
255 211 145 145 167 182 197 171 163 196 217 167 145 145 211 255
255 211 145 145 167 201 196 216 202 198 211 167 145 145 211 255
255 211 145 145 167 202 209 211 215 205 202 167 145 145 211 255
255 211 145 145 149 167 167 167 167 167 167 149 145 145 211 255
255 211 145 145 145 145 145 145 145 145 145 145 145 145 211 255
255 211 145 145 145 145 145 145 145 145 145 145 145 145 211 255
255 238 211 211 211 211 211 211 211 211 211 211 211 211 238 255
255 255 255 255 255 255 255 255 255 255 255 255 255 255 255 255
255 255 255 255 255 255 255 255 255 255 255 255 255 255 255 255
255 226 182 182 182 182 182 182 182 182 182 182 182 182 226 255
255 182  72  72  72  72  72  72  72  72  72  72  72  72 182 255
255 182  72  72  72  72  72  72  72  72  72  72  72  72 182 255
255 182  72  72  79 108 108 108 108 108 108  79  72  72 182 255
255 182  72  72 108 169 172 181 186 189 195 108  72  72 182 255
255 182  72  72 108 173 181 150 175 130 170 108  72  72 182 255
255 182  72  72 108 179 174 104 101 165 190 108  72  72 182 255
255 182  72  72 108 134 161 117 102 158 192 108  72  72 182 255
255 182  72  72 108 167 159 192 169 162 184 108  72  72 182 255
255 182  72  72 108 169 179 183 190 173 169 108  72  72 182 255
255 182  72  72  79 108 108 108 108 108 108  79  72  72 182 255
255 182  72  72  72  72  72  72  72  72  72  72  72  72 182 255
255 182  72  72  72  72  72  72  72  72  72  72  72  72 182 255
255 226 182 182 182 182 182 182 182 182 182 182 182 182 226 255
255 255 255 255 255 255 255 255 255 255 255 255 255 255 255 255
255 255 255 255 255 255 255 255 255 255 255 255 255 255 255 255
255 214 153 153 153 153 153 153 153 153 153 153 153 153 214 255
255 153   0   0   0   0   0   0   0   0   0   0   0   0 153 255
255 153   0   0   0   0   0   0   0   0   0   0   0   0 153 255
255 153   0   0  10  51  51  51  51  51  51  10   0   0 153 255
255 153   0   0  51 134 140 153 160 164 172  51   0   0 153 255
255 153   0   0  51 141 152 109 143  81 137  51   0   0 153 255
255 153   0   0  51 149 142  45  41 128 165  51   0   0 153 255
255 153   0   0  51  88 123  63  43 120 168  51   0   0 153 255
255 153   0   0  51 132 121 168 134 124 156  51   0   0 153 255
255 153   0   0  51 134 149 156 165 141 134  51   0   0 153 255
255 153   0   0  10  51  51  51  51  51  51  10   0   0 153 255
255 153   0   0   0   0   0   0   0   0   0   0   0   0 153 255
255 153   0   0   0   0   0   0   0   0   0   0   0   0 153 255
255 214 153 153 153 153 153 153 153 153 153 153 153 153 214 255
255 255 255 255 255 255 255 255 255 255 255 255 255 255 255 255

255 255 255 255 255 255 255 255 255 255 255 255 255 255 255 255
255 238 211 211 211 211 211 211 211 211 211 211 211 211 238 255
255 211 145 145 145 145 145 145 145 145 145 145 145 145 211 255
255 211 145 145 145 145 145 145 145 145 145 145 145 145 211 255
255 211 145 145 149 167 167 167 167 167 167 149 145 145 211 255
255 211 145 145 167 219 203 216 217 211 202 167 145 145 211 255
255 211 145 145 167 215 179 199 196 198 205 167 145 145 211 255
255 211 145 145 167 213 206 162 163 202 215 167 145 145 211 255
255 211 145 145 167 210 191 164 171 216 211 167 145 145 211 255
255 211 145 145 167 204 210 205 197 196 209 167 145 145 211 255
255 211 145 145 167 202 205 209 182 201 202 167 145 145 211 255
255 211 145 145 149 167 167 167 167 167 167 149 145 145 211 255
255 211 145 145 145 145 145 145 145 145 145 145 145 145 211 255
255 211 145 145 145 145 145 145 145 145 145 145 145 145 211 255
255 238 211 211 211 211 211 211 211 211 211 211 211 211 238 255
255 255 255 255 255 255 255 255 255 255 255 255 255 255 255 255
255 255 255 255 255 255 255 255 255 255 255 255 255 255 255 255
255 226 182 182 182 182 182 182 182 182 182 182 182 182 226 255
255 182  72  72  72  72  72  72  72  72  72  72  72  72 182 255
255 182  72  72  72  72  72  72  72  72  72  72  72  72 182 255
255 182  72  72  79 108 108 108 108 108 108  79  72  72 182 255
255 182  72  72 108 195 170 190 192 184 169 108  72  72 182 255
255 182  72  72 108 189 130 165 158 162 173 108  72  72 182 255
255 182  72  72 108 186 175 101 102 169 190 108  72  72 182 255
255 182  72  72 108 181 150 104 117 192 183 108  72  72 182 255
255 182  72  72 108 172 181 174 161 159 179 108  72  72 182 255
255 182  72  72 108 169 173 179 134 167 169 108  72  72 182 255
255 182  72  72  79 108 108 108 108 108 108  79  72  72 182 255
255 182  72  72  72  72  72  72  72  72  72  72  72  72 182 255
255 182  72  72  72  72  72  72  72  72  72  72  72  72 182 255
255 226 182 182 182 182 182 182 182 182 182 182 182 182 226 255
255 255 255 255 255 255 255 255 255 255 255 255 255 255 255 255
255 255 255 255 255 255 255 255 255 255 255 255 255 255 255 255
255 214 153 153 153 153 153 153 153 153 153 153 153 153 214 255
255 153   0   0   0   0   0   0   0   0   0   0   0   0 153 255
255 153   0   0   0   0   0   0   0   0   0   0   0   0 153 255
255 153   0   0  10  51  51  51  51  51  51  10   0   0 153 255
255 153   0   0  51 172 137 165 168 156 134  51   0   0 153 255
255 153   0   0  51 164  81 128 120 124 141  51   0   0 153 255
255 153   0   0  51 160 143  41  43 134 165  51   0   0 153 255
255 153   0   0  51 153 109  45  63 168 156  51   0   0 153 255
255 153   0   0  51 140 152 142 123 121 149  51   0   0 153 255
255 153   0   0  51 134 141 149  88 132 134  51   0   0 153 255
255 153   0   0  10  51  51  51  51  51  51  10   0   0 153 255
255 153   0   0   0   0   0   0   0   0   0   0   0   0 153 255
255 153   0   0   0   0   0   0   0   0   0   0   0   0 153 255
255 214 153 153 153 153 153 153 153 153 153 153 153 153 214 255
255 255 255 255 255 255 255 255 255 255 255 255 255 255 255 255

255 255 255 255 255 255 255 255 255 255 255 255 255 255 255 255
255 238 211 211 211 211 211 211 211 211 211 211 211 211 238 255
255 211 145 145 145 145 145 145 145 145 145 145 145 145 211 255
255 211 145 145 145 145 145 145 145 145 145 145 145 145 211 255
255 211 145 145 149 167 167 167 167 167 167 149 145 145 211 255
255 211 145 145 167 202 205 215 211 209 202 167 145 145 211 255
255 211 145 145 167 211 198 202 216 196 201 167 145 145 211 255
255 211 145 145 167 217 196 163 171 197 182 167 145 145 211 255
255 211 145 145 167 216 199 162 164 205 209 167 145 145 211 255
255 211 145 145 167 203 179 206 191 210 205 167 145 145 211 255
255 211 145 145 167 219 215 213 210 204 202 167 145 145 211 255
255 211 145 145 149 167 167 167 167 167 167 149 145 145 211 255
255 211 145 145 145 145 145 145 145 145 145 145 145 145 211 255
255 211 145 145 145 145 145 145 145 145 145 145 145 145 211 255
255 238 211 211 211 211 211 211 211 211 211 211 211 211 238 255
255 255 255 255 255 255 255 255 255 255 255 255 255 255 255 255
255 255 255 255 255 255 255 255 255 255 255 255 255 255 255 255
255 226 182 182 182 182 182 182 182 182 182 182 182 182 226 255
255 182  72  72  72  72  72  72  72  72  72  72  72  72 182 255
255 182  72  72  72  72  72  72  72  72  72  72  72  72 182 255
255 182  72  72  79 108 108 108 108 108 108  79  72  72 182 255
255 182  72  72 108 169 173 190 183 179 169 108  72  72 182 255
255 182  72  72 108 184 162 169 192 159 167 108  72  72 182 255
255 182  72  72 108 192 158 102 117 161 134 108  72  72 182 255
255 182  72  72 108 190 165 101 104 174 179 108  72  72 182 255
255 182  72  72 108 170 130 175 150 181 173 108  72  72 182 255
255 182  72  72 108 195 189 186 181 172 169 108  72  72 182 255
255 182  72  72  79 108 108 108 108 108 108  79  72  72 182 255
255 182  72  72  72  72  72  72  72  72  72  72  72  72 182 255
255 182  72  72  72  72  72  72  72  72  72  72  72  72 182 255
255 226 182 182 182 182 182 182 182 182 182 182 182 182 226 255
255 255 255 255 255 255 255 255 255 255 255 255 255 255 255 255
255 255 255 255 255 255 255 255 255 255 255 255 255 255 255 255
255 214 153 153 153 153 153 153 153 153 153 153 153 153 214 255
255 153   0   0   0   0   0   0   0   0   0   0   0   0 153 255
255 153   0   0   0   0   0   0   0   0   0   0   0   0 153 255
255 153   0   0  10  51  51  51  51  51  51  10   0   0 153 255
255 153   0   0  51 134 141 165 156 149 134  51   0   0 153 255
255 153   0   0  51 156 124 134 168 121 132  51   0   0 153 255
255 153   0   0  51 168 120  43  63 123  88  51   0   0 153 255
255 153   0   0  51 165 128  41  45 142 149  51   0   0 153 255
255 153   0   0  51 137  81 143 109 152 141  51   0   0 153 255
255 153   0   0  51 172 164 160 153 140 134  51   0   0 153 255
255 153   0   0  10  51  51  51  51  51  51  10   0   0 153 255
255 153   0   0   0   0   0   0   0   0   0   0   0   0 153 255
255 153   0   0   0   0   0   0   0   0   0   0   0   0 153 255
255 214 153 153 153 153 153 153 153 153 153 153 153 153 214 255
255 255 255 255 255 255 255 255 255 255 255 255 255 255 255 255
